0.91582031
1.07506867
1.07534700
1.07101428
1.86443693
0.98655845
0.96775850
2.38541401
0.57114731
0.69502180
0.91149999
0.83455923
1.78154821
1.34199016
0.98057219
0.85213532
1.07355191
0.97458156
0.96113293
1.04638110
1.14572889
1.06370638
1.09088317
1.05784293
1.44704091
1.50702389
1.50219825
1.49969177
1.50453848
1.60174952
1.47779814
1.54703265
1.50025027
1.53263223
1.67516636
0.86777568
0.87700997
1.08933615
1.16581620
1.11610448
1.21731547
0.98147119
1.77704224
1.75423603
1.12021631
1.48456073
1.47491283
1.42823108
1.26534374
1.46039353
1.39129304
1.48184477
1.51604548
1.48184580
1.53067245
1.46696353
1.48456073
1.48666974
1.51613926
1.49154461
1.47702081
1.50637765
1.51613926
1.47004143
1.53056818
1.51120161
1.51613926
1.51613926
1.53070148
1.47491283
1.40891152
1.40890362
1.41355442
1.57895638
1.49793277
1.48828484
1.41369599
1.48317501
1.46521746
1.46533708
1.47472200
1.48920249
1.44740852
1.45556166
1.49885918
1.40404809
1.43776059
1.48927417
1.48444140
1.11545209
1.28975687
1.28499782
1.48926537
1.42352137
1.48445021
1.47962624
1.47370439
1.32850516
1.41846479
1.49793277
1.32090132
0.84419133
0.88258841
0.69766082
0.89283394
1.65767676
1.22531561
1.47599844
0.95223539
1.17704472
2.04374931
1.15497312
1.72476942
0.93910165
1.03167459
1.04267794
1.39337985
2.17813400
0.86168188
0.85778163
0.99101928
1.38006814
0.92950997
0.84287638
0.63793441
1.15146626
0.85730935
1.03066479
1.71037030
1.81225545
0.65869725
1.28448969
1.16346613
0.74566577
0.88124828
1.22445747
1.01902215
0.94254918
1.01730069
2.00602829
1.16984794
1.36995717
2.05148622
0.83448763
0.97896099
0.95598925
0.96178305
2.19017684
0.61663374
0.96614540
0.95365487
1.39907052
0.88594827
1.24604571
2.12695163
1.45142650
1.32972362
0.99495247
1.99728911
1.06741670
0.78123495
1.37023531
1.14234175
1.47448200
1.43999423
1.44046836
1.66228462
1.60285862
1.70417304
1.41517539
1.39452309
1.60753618
1.27103343
1.73972816
1.39948640
1.31313342
2.13532125
1.43536212
1.72612160
1.42819753
1.26637396
1.92391295
1.46180806
1.43509597
1.60285896
1.69953793
1.35587798
2.83257900
1.45290858
1.73884945
2.13475793
2.60248529
1.69682061
1.69682061
0.57109454
1.15562769
1.15104156
1.15586553
0.96609457
1.54268955
1.51854159
1.41443376
1.39026187
1.41793761
0.91286331
1.11673513
2.07136817
2.01640572
1.35727863
1.30806421
1.54496877
1.30621556
1.70399347
1.67010104
1.50195706
1.37203521
1.39161826
1.14269000
1.32298072
2.08593697
1.36707726
1.31030091
1.24252457
1.38603980
1.36650129
0.90529254
1.02718642
1.75677189
1.29626389
1.10380074
1.19847251
1.43943007
1.49061666
1.16450785
1.15968300
1.06687032
1.26197693
1.23092778
1.03366319
1.03374719
1.00909111
0.98084055
0.95001985
0.97522174
0.98736314
1.02896484
1.06756994
0.85972797
0.64208592
1.01776215
0.67743311
0.79514334
0.94667359
1.03356826
1.00189958
0.86102637
0.86397382
0.69625785
0.66708408
0.57155836
0.81498612
1.92999634
0.78817983
0.91303187
0.80992973
1.53410462
0.82687932
1.37160335
0.65355859
1.75045019
1.63615257
0.82525705
0.79583016
1.34055420
0.60441343
0.77305885
0.78233515
0.90101422
0.90101958
0.80408502
0.94499962
1.18284670
1.13337710
1.13034032
1.04773926
0.70159632
1.39252569
1.14372031
1.02424884
0.80259260
0.77503204
0.60267254
1.42635360
0.64310483
1.15794327
1.07282477
0.56235585
0.74565158
1.66294161
0.75382213
0.55479089
1.03631768
0.72970441
0.68490463
0.60953467
0.80252763
1.59974344
0.56224769
0.83119099
0.80727583
0.52848729
1.00471697
2.04325813
0.79096130
0.83088926
0.89795076
0.88820129
1.43471006
1.55628451
1.41927571
1.50816875
1.52579878
1.37958340
0.82707307
0.82988752
0.82801087
1.94606661
1.94029857
0.95445062
1.05722292
0.82694135
0.82746982
0.83248444
1.05326054
0.59259476
1.91454398
1.88341897
1.75075190
1.00734781
0.81350953
0.75480711
1.40981613
0.78310388
0.74918693
0.83259703
1.06639656
1.49924497
0.84996670
0.83628566
0.79669898
1.91094913
1.93943629
1.93912174
0.83293949
0.84547431
0.81661597
0.76042287
0.87371982
0.84066390
0.99420686
1.07808098
1.87134534
1.10896806
1.24584047
1.05432504
0.74100845
0.83190463
1.65988799
1.47916474
0.89368042
0.92858472
2.53268698
1.04517504
1.85887339
1.83022804
1.09353877
1.84866557
2.12074901
1.95353794
0.75148863
0.99883252
0.99861969
1.01747689
0.99212123
1.00304431
1.26501503
0.86307197
0.90818423
0.70771020
1.86028811
1.91654028
0.77936062
0.70235901
1.54377073
1.50171191
0.70818259
0.68579577
0.68514145
1.09146902
1.13797913
0.93571207
1.50664511
1.52513869
0.81331212
0.87352461
1.68623463
0.95012233
0.68499208
0.97819183
0.93570234
1.33086050
1.01625589
1.45757077
2.08123931
0.94251262
1.01921286
0.95842185
0.86857470
0.85754546
0.99534174
0.86094922
1.01653055
1.56397988
2.00037038
0.89364574
0.86369360
0.98784827
2.37564983
1.03840038
0.83707321
0.90489023
0.98142879
1.67227786
0.84342975
0.86649015
1.74336222
2.18881254
0.84127155
1.27008581
1.07253028
0.85086453
0.75921588
0.88587178
0.97279275
1.20717916
0.89238692
0.76898778
0.88842229
0.78788935
0.84290028
0.94429706
0.94985881
0.97614816
1.28626670
0.92656577
1.70844780
0.80555101
0.76390447
0.93428067
0.78257484
1.53009459
1.28438272
0.92142040
1.12917628
0.78260506
0.87289144
1.02507521
0.52374819
0.57605954
0.82483325
1.37869921
1.51127826
0.70222584
0.65136541
0.78099900
0.73621963
0.99960970
0.93949147
0.77625376
0.97223207
1.25128485
0.98899110
0.83798290
0.88574038
2.29508350
0.93578885
0.83902193
0.84748820
0.68897546
0.94898358
0.86832450
0.95353212
0.90964789
0.58192625
0.69006211
0.72695504
0.72702198
0.71720138
0.72828344
0.70923675
0.71591630
0.73352536
1.45731769
0.71899957
0.83493322
0.83508183
0.62650078
0.63159503
0.75492625
0.72629830
0.90063496
0.88103718
1.71693139
0.60377663
0.60408896
0.96533177
1.05761793
1.21138382
0.57538907
1.24618098
0.98643564
0.72970710
0.85805321
0.97270977
1.63543355
2.11773645
1.51074796
1.50607021
1.44640055
1.28664765
1.44172016
1.45818202
1.44640055
1.43704760
1.48808702
0.64403824
0.65203218
0.88584813
0.81297084
0.79393062
0.80046113
0.68254457
2.06438644
0.85139603
2.09222048
1.92054230
0.91274717
1.85260662
0.77651145
0.79299359
0.72377564
0.88826988
0.84736991
0.97880400
1.78819380
0.70683832
0.84877687
0.91423512
0.52151975
0.58633680
0.86216458
1.22848055
0.59327170
2.32188310
0.85971083
0.78212725
0.73127784
0.94121088
0.51304893
0.77126210
0.79796103
0.83588184
2.05012607
1.85872954
1.34840255
1.09043518
0.57404010
0.88979054
0.58629492
0.58590496
0.65057599
0.57071282
0.97095662
1.89435643
0.76765261
0.72654825
0.78599231
1.04477345
1.33071021
2.12570744
0.77529699
1.33401193
0.62575674
1.91219422
0.63884294
0.54512752
0.53915816
0.57531106
0.76525124
0.67945174
1.59542926
0.69418472
0.72879870
0.63351881
1.72976516
1.19840918
0.97335791
0.93239422
0.74639154
0.99623491
1.14437451
0.76861792
0.73109561
0.63617182
0.52159637
0.56636516
0.66269204
0.56404727
0.98507292
0.86869997
0.78819501
1.55730181
0.59929469
0.88998922
0.79323645
0.74519898
1.27280434
2.24017668
2.06607950
1.86672168
1.30428942
0.54808046
0.54835693
0.56275129
1.10146068
0.86388316
0.85920538
0.98305290
1.10799959
0.96835533
1.11163559
0.84141761
0.91280073
1.24749376
1.82339099
1.34044584
1.75346754
1.84522082
0.83805669
1.21222867
1.20347241
1.57320381
0.80992595
1.47258104
1.58552694
0.73505483
0.73503597
0.82991449
1.04399846
1.17259089
1.15988798
1.28868362
1.69753870
1.01231683
1.74191277
1.20379555
0.68256122
1.30018462
0.87459182
0.89455596
1.02772696
0.97781271
1.35916905
1.42334584
1.35918276
1.36383313
1.36386054
1.35916905
1.34520440
1.35450501
1.36852461
1.36386054
1.35450501
1.35916905
1.35450501
1.36384683
1.38413170
1.41399028
1.40463305
1.41398861
1.40931041
1.41398861
1.39529346
1.41398819
1.39996200
1.41398819
1.41398819
1.41398819
1.50638710
1.36383313
1.38413170
1.40931083
1.43269928
1.36386054
1.36384683
1.39529473
1.41398861
1.42333958
0.53691344
0.84256750
0.66360493
0.60248037
0.86690367
1.48108755
1.10010820
1.30272599
1.70589696
0.91846916
2.13793139
0.87108784
0.48635031
0.81719365
1.60387258
1.46965309
0.82147078
0.71355749
0.85729092
1.06586403
0.83899494
0.97911995
0.72815018
0.71060540
1.01083765
0.84381163
0.66426231
1.03684825
1.06799123
0.98994231
0.96926184
2.25684221
1.01988042
1.06159912
1.01833257
1.00176700
0.81562915
0.99399182
0.95667079
0.98411380
0.96273627
1.13004156
1.04094671
1.01236726
0.99651552
1.04594288
1.02800802
1.27560635
1.43469318
1.37156939
1.49099917
1.41677804
1.11596485
0.85331581
1.22542527
0.90309796
1.52800411
1.68789537
1.48792990
1.77664211
1.81335411
1.19236216
1.29645256
1.59458568
1.37687804
1.43755234
1.53141841
1.46919183
0.69464653
1.81576758
1.21661121
1.96678330
0.78917417
1.33426898
0.81157474
1.44875752
1.36693591
1.49661704
0.79422164
0.90991543
0.81149069
1.09284336
0.99517613
2.22749751
0.90269915
0.89303814
0.96565199
1.23184309
0.78970994
0.96771675
1.67658646
1.50378909
1.46760820
1.54985077
1.52227228
1.34490825
1.58104398
1.33096310
1.67032561
1.98441653
1.33315725
1.22077138
1.20849386
1.42021505
0.74547485
1.05439600
1.21036980
2.44106059
1.14760368
1.13191607
1.20105163
1.19527300
0.68607205
1.17918239
0.58217501
0.62298088
0.54084733
1.22254444
2.00162929
2.03884051
1.23968038
1.12899115
1.03476214
1.03870108
0.86386935
0.65255925
0.62792068
1.04913067
0.56862980
1.88355893
0.68883718
1.46225600
1.70243109
0.90241382
1.72989486
1.90158261
0.58361178
0.56011065
0.54859384
0.71937650
0.91916127
0.74561264
0.76697486
0.77109887
0.56415557
0.69813405
1.56613957
1.71763337
0.60489352
0.85972368
0.88211274
0.67320200
0.65857097
0.86762969
1.92320960
0.64332045
1.32127062
0.83032536
0.69964383
2.01229939
0.84351629
0.93864376
0.75016915
0.88300051
0.64454701
1.65372035
0.78906736
0.91981737
0.62729076
0.65690308
0.58965183
0.57326161
0.59304737
0.84675831
1.57467146
0.87877979
0.96903681
0.57432229
1.06968021
1.03913600
2.05422476
2.21453695
2.17254482
0.63646021
0.63647596
0.64663432
0.50555000
0.54159628
0.57748516
1.55436288
0.63584366
1.67199467
0.50158193
0.63656682
0.95288988
0.85193406
1.47490992
2.11559197
1.14587748
0.64737163
0.63937238
1.80991718
1.80347995
0.94669394
0.85365286
0.64705361
0.66045387
0.81049432
0.63933320
1.89669568
0.92727874
0.59622900
0.95566768
1.47456817
0.76557630
1.10739380
1.09540107
1.66493161
1.08201814
2.35861195
1.03875643
1.99230076
1.04737939
0.50343963
1.02265632
0.68878285
0.67325024
0.66738161
0.95024948
0.60274313
0.91211563
0.96402243
0.54000288
0.54206013
0.91118977
0.53997927
0.74623589
0.79516636
0.99102672
1.00867993
0.58106420
0.64050932
0.71978887
0.87220677
0.91332132
0.86779856
0.89126945
0.62568999
0.87131440
0.89441831
1.83628169
0.62969489
1.08212967
0.79937142
0.71244550
0.99606810
0.83260431
0.90018859
0.90041349
0.54461018
1.04776916
0.96870676
1.78525648
0.90874598
0.86460256
0.72920476
0.87919457
0.67538498
0.63427750
0.88606368
2.06048289
1.82781022
0.58105874
1.08236160
1.07875990
0.81936039
0.58120711
0.74353110
0.61865356
2.16418693
0.92966445
0.71759398
0.61818220
1.01636494
1.89010409
0.58108728
0.59332883
0.69886069
0.59482731
0.54033636
0.68534273
1.80996504
1.95176659
2.13091061
0.88753418
0.65310497
0.65820665
1.48398071
0.83525885
0.79710957
1.16677804
0.74717955
0.58108064
0.58107747
0.73117969
0.94085162
1.12026925
0.58107052
0.76000398
0.98562248
1.50786172
0.96016400
2.12473259
0.87563519
1.57639401
1.38286124
1.46190014
1.57259301
1.32115848
1.28909951
1.86457386
1.77174487
1.36586629
0.74302853
0.57053901
0.67103664
0.53889483
1.13027571
1.11117137
0.94082650
1.06348862
0.60713318
1.01793848
0.92455917
0.79099333
0.79727795
1.15292100
1.05694929
0.79777334
0.66930820
0.75163327
1.01187894
0.91713800
1.86357505
2.45990157
2.23497632
1.80305715
0.94578372
2.50346683
0.84652123
0.86256918
1.09650340
0.74017958
1.00362832
0.92957190
0.83263798
0.86471973
0.98693629
1.05666241
0.60711769
0.60720523
1.07620101
1.07212865
0.98802930
1.06827402
0.81337570
0.74749067
0.88833247
0.83311181
0.79392648
0.57234232
0.57105965
0.95994126
2.04741597
1.02104213
1.05102544
0.57139152
1.01401137
1.02513466
1.01533744
0.90824012
0.60714911
0.63874760
1.14373524
1.02882631
0.60992517
0.98470292
0.94502915
0.82545637
0.64662490
0.65073801
1.03579746
0.96158737
0.88462210
0.70794862
0.79491160
0.57064915
0.91786463
1.17154349
0.60890308
0.77518157
1.17084127
1.77758239
1.09041892
0.88243579
0.66406503
0.57092094
0.86785027
0.78798389
0.92682089
1.01569562
0.65812105
1.21905407
1.16105680
0.66949145
0.70891089
0.91524624
0.95579240
1.03651279
1.01507813
0.80734778
0.70755897
0.74991828
0.86685156
1.21379653
0.86322004
1.14918822
0.81564009
0.90245510
1.17701086
0.69697105
0.64101669
0.64748389
0.68148263
0.67616099
0.64193445
0.65732042
1.86887473
0.59927636
0.59275992
0.66357491
0.67660583
0.66736707
0.66839886
0.68224365
1.98974309
0.61084732
1.78903215
1.47785387
1.63291399
1.06339753
1.31129201
1.48616933
1.23653981
2.15439152
1.05833689
1.00980966
0.86482921
0.84798280
1.23437053
0.61331641
0.57724339
0.70056025
0.87490862
1.23365263
0.76252753
1.14462879
0.67551526
2.23466767
1.62344401
0.87261790
1.40043474
1.31587232
1.35684988
1.26406428
1.29827869
1.31684370
2.53931181
2.53558297
1.31288435
1.30942132
1.33436854
0.98209103
1.25351396
0.87072312
1.59481144
1.27157263
1.17470545
0.56980431
0.95861010
0.91187127
0.90082050
2.08870162
0.92584794
0.91565310
1.26113952
1.74791686
1.23196059
1.36467695
1.23329683
1.70444873
0.96505025
0.92508651
1.95260032
1.23578395
1.15657443
0.98983159
0.95677422
1.04048086
1.26075142
0.99821760
1.32246798
1.13146524
2.18529602
1.06705909
0.81211924
1.88509000
1.74509164
1.46378265
2.41053540
1.11526061
0.68893078
1.82885439
0.67528334
0.85670190
1.18005085
1.78965101
1.28825105
1.15823654
1.78497323
1.68114103
1.63404143
1.91160893
1.94158359
1.00925548
1.04013216
1.03545441
1.04013216
0.83433558
1.08420001
0.77358599
0.79085584
0.89855024
0.83758432
0.81103647
1.78965101
2.49740319
1.27889558
1.14888100
1.78497323
1.69049657
2.05711004
1.62936320
1.91160855
1.93690547
1.03501756
1.03545441
1.41104920
1.98380744
1.19163022
1.39334373
0.67556019
0.91358327
0.76391127
2.34110719
2.26129771
1.52577950
2.28341492
2.27207807
1.06593857
1.03492535
1.09398572
1.38263283
0.61794969
0.87482210
1.40548108
1.41461192
0.68215435
1.19567150
1.40635603
1.09894476
2.12180828
1.85739639
1.07550813
2.04900402
2.08275782
2.02360674
2.09048082
2.00523480
0.76055692
1.00336965
0.63095766
2.08730247
2.13973705
1.86555490
1.43873635
2.01764056
1.96909550
2.02507790
1.52263333
2.05348545
1.94178772
2.11450144
1.09035843
0.99329292
0.68261831
1.06696007
2.06998183
2.09246445
1.66178656
1.67536854
2.20728864
2.17886702
2.16808796
0.99688241
1.01779917
1.67762486
0.66197291
2.20231189
2.15135519
1.83594307
0.99133937
0.85720504
1.07724642
0.92727590
0.84313070
1.09612298
0.76854682
1.96043324
1.19172860
0.63094937
1.05353108
0.86818967
0.78602170
0.78147263
1.24453849
0.63095001
0.69095526
1.23041147
0.63090976
0.69678355
0.78721065
2.22356620
0.67774856
2.11490100
0.86574620
1.10036691
0.83211686
0.80668919
0.78363458
1.67701774
0.68267235
1.00022519
1.06132561
0.69120420
1.60286898
0.90052281
0.63095222
1.07886509
1.00812566
0.63093903
1.05729587
0.63093746
0.73548622
0.92824365
0.63093342
0.90063155
0.63118108
0.93545256
0.67853204
0.97953839
1.07252579
0.79189262
0.83069614
2.12576806
1.00662928
1.25963154
0.51151161
0.51181530
1.18144909
1.17667874
0.57950690
0.66992512
0.64630436
0.65125362
0.51101676
0.58482301
0.93186870
0.52045479
0.62507907
0.95087243
1.12619991
1.28025845
1.05838871
1.04326848
1.03209837
0.94999404
0.72375257
0.91117675
0.63797357
0.65278032
0.67853210
1.27547078
1.25629153
0.73887899
0.79819071
1.05423756
0.96971777
0.71659372
0.74637176
0.61007504
0.90256880
0.51131124
1.18627961
0.97471509
1.13913789
1.22703339
0.94352537
0.94844419
0.96982320
0.96482424
1.05391938
0.58833637
0.79387864
1.12652898
0.97618694
0.78334134
1.66562178
0.87475337
0.79385210
0.77958541
0.65874776
0.80988397
1.06173919
0.93877585
0.97007045
0.91656539
0.98452503
1.00101611
1.11385424
0.83379485
1.13600413
0.57693549
0.96656048
0.92594175
1.78252359
0.95085478
0.73179358
0.58135111
0.53591196
1.00129878
0.88205277
0.51569509
0.93076419
1.15560509
0.73187380
0.52009978
1.00920033
0.89792232
0.87879670
0.66802155
1.06541434
0.92035822
1.09931393
1.08587148
1.03592552
0.58898214
0.61369307
0.61301707
0.78925736
0.90142768
0.73837790
1.19191024
1.02216970
0.75836044
0.89083143
0.77637983
1.36712179
1.41282485
1.19822728
0.98529040
1.49463122
1.36712179
1.35393110
0.97116292
1.03493724
1.05316941
1.22286279
1.01077082
0.95957694
1.24178179
1.08349865
1.25436502
1.26684354
1.25400034
1.04086388
1.19871499
1.29585911
1.19467085
1.13934201
0.78874426
1.38262171
1.57566670
1.51967735
1.44951008
1.56399693
1.50837495
1.47487373
1.48048972
1.40317801
1.40930915
1.59818873
1.21122870
1.45946196
1.46106142
1.43143360
1.79432959
1.12299635
2.20082477
1.12388119
1.34969055
1.36216188
1.26906093
1.54669260
0.75689840
0.92583121
1.62496748
0.74110127
1.01308875
0.94978924
1.26723923
1.11745490
2.07368572
1.00580498
1.41048282
1.08402327
0.93484991
1.07110881
1.00838043
1.18233124
1.02535196
1.14082104
0.94923671
1.22985304
1.42068905
1.75103016
1.24370976
1.14453253
1.14345793
1.23909844
1.27135029
1.34631699
1.36508723
1.44995493
1.44575677
1.38811155
1.46091934
1.40694876
1.39359512
1.39744883
1.79161100
1.44117323
1.39277105
1.61934093
1.95196505
1.60678368
1.39352080
1.46108053
1.45002635
1.62543701
1.74002334
2.06384808
1.46173159
1.44530092
1.77546638
2.06913898
1.46108053
1.93797280
1.46173159
1.44534857
1.46124234
1.59173824
1.46091934
1.71670835
1.71670835
0.98388365
1.34444749
2.03154654
1.22337358
